Table 4.1: Descriptive Statistics of Model Variables
================================================================================

Variable                         N     Mean   Median Std.Dev.      Min      25%      75%      Max
---------------------------------------------------------------------------------------------------------

A. Dependent Variable
OCF_Scaled_t_plus_1        123,449   -0.185    0.051    1.046  -14.154   -0.090    0.124    0.622

B. Set A: Core Financial Predictors
OCF_Scaled_Lag_t           123,449   -0.222    0.051    1.244  -16.556   -0.096    0.125    0.745
NI_Scaled_t                123,449   -0.532    0.001    2.505  -37.503   -0.211    0.060    0.562
Accruals_Scaled_t          123,449   -0.331   -0.063    1.604  -30.478   -0.140   -0.017    0.969
Delta_Rec_Scaled_t         123,449    0.002    0.002    0.078   -0.726   -0.009    0.022    0.303
Delta_Inv_Scaled_t         123,449    0.003    0.000    0.043   -0.359   -0.001    0.009    0.204
Delta_AP_Scaled_t          123,449    0.010    0.003    0.143   -1.100   -0.008    0.017    2.188
DP_Scaled_t                123,449    0.046    0.034    0.051    0.000    0.017    0.058    0.729
ln_at_t                    123,449    5.207    5.364    2.930   -3.912    3.355    7.273   11.749

C. Set A: Control Variables (Dummies)
ASC606_TCJA_combined_dummy  123,449    0.211    0.000    0.408    0.000    0.000    0.000    1.000
ASC842_dummy               123,449    0.169    0.000    0.375    0.000    0.000    0.000    1.000
COVID_dummy                123,449    0.085    0.000    0.279    0.000    0.000    0.000    1.000

D. Set B: Additional Predictor Variables
XSGA_Scaled_t              111,502    1.714    0.232   41.747    0.006    0.098    0.477 5325.500
XRD_Scaled_t               123,449    0.083    0.000    0.214    0.000    0.000    0.066    2.166
CAPX_Scaled_t              123,337    0.055    0.028    0.092    0.000    0.010    0.063   15.000
CurrentRatio_t             121,784    3.989    1.845   42.070    0.006    1.084    3.357 13545.000
DebtToAssets_t             123,449    1.238    0.493    4.819    0.011    0.274    0.717   72.700
OCFtoSales_t               109,303   -1.623    0.067   13.404 -147.270   -0.039    0.157 1660.113
InvTurnover_t               82,956   37.981    5.479  502.211    0.167    2.978   13.643 66511.000
RecTurnover_t              116,111   19.657    6.200  232.774    0.000    3.972    9.999 47246.000
GPM_t                      109,303   -0.793    0.354    9.378 -105.203    0.196    0.553 1281.677
Delta_Sales_Scaled_t       123,449    0.043    0.027    0.368   -4.750   -0.018    0.131    2.651
NI_Scaled_Lag_t            123,449   -0.509    0.002    2.365  -37.286   -0.212    0.061    2.692
CapitalIntensity_t         123,449    0.277    0.172    0.273    0.000    0.058    0.435    0.987
MkBk_t                     106,911   17.105    1.817 1449.359  -78.008    0.844    3.622 315075.155
FirmAge_t                   59,113   11.350   10.000    9.358    0.000    4.000   16.000   76.000

---------------------------------------------------------------------------------------------------------
Notes: N = 123,449 firm-year observations. Period: 2001.0-2022.0. All continuous variables winsorized at 1st and 99th percentiles annually.
For dummy variables, Mean = proportion where dummy = 1.
